new
1,2020-08-27 05:09:05,0,1,1,1,0,1,1,1
new
2,2020-08-27 05:10:10,0,2,1,2,2,3,1,1
3,2020-08-27 05:10:13,1,Human,1,1,1,0,2,2
4,2020-08-27 05:10:16,2,2,1,2,4,3,1,1
5,2020-08-27 05:10:17,3,Human,1,1,5,4,2,2
6,2020-08-27 05:10:19,4,2,1,2,6,3,1,1
7,2020-08-27 05:10:27,5,Human,1,1,6,7,2,2
8,2020-08-27 05:10:29,6,2,1,2,2,1,1,1
new
9,2020-08-27 05:12:48,0,Human,1,1,4,6,1,1
10,2020-08-27 05:12:57,1,2,1,2,8,7,2,2
11,2020-08-27 05:13:00,2,Human,1,1,7,6,1,1
12,2020-08-27 05:13:03,3,2,1,2,7,7,2,2
13,2020-08-27 05:13:07,4,Human,1,1,6,6,1,1
14,2020-08-27 05:13:15,5,2,1,2,5,6,2,2
15,2020-08-27 05:16:30,6,Human,1,1,3,2,1,1
new
16,2020-08-27 05:22:32,0,1,1,1,3,2,1,1
new
17,2020-08-27 05:23:38,0,1,1,1,3,2,1,1
18,2020-08-27 05:23:43,1,Human,1,2,4,3,2,2
19,2020-08-27 05:23:47,2,1,1,1,6,5,1,1
new
20,2020-08-27 05:37:24,0,1,1,1,2,3,0,1
new
21,2020-08-27 05:39:47,0,1,2,1,3,2,1,1
new
22,2020-08-27 04:56:49,0,ff,1,1,2,3,1,1
new
23,2020-08-28 02:25:09,0,cc,1,1,1,1,1,1
24,2020-08-28 02:25:23,1,Human,1,2,6,6,2,2
25,2020-08-28 02:25:32,2,cc,1,1,1,2,1,1
26,2020-08-28 02:25:38,3,Human,1,2,6,7,2,2
27,2020-08-28 02:25:43,4,cc,1,1,1,3,1,1
28,2020-08-28 02:25:47,5,Human,1,2,6,8,2,2
29,2020-08-28 02:25:52,6,cc,1,1,1,4,1,1
30,2020-08-28 02:25:56,7,Human,1,2,7,7,2,2
31,2020-08-28 02:26:00,8,cc,1,1,1,5,1,1
new
32,2020-08-28 02:26:28,0,bbb,2,2,3,3,1,1
33,2020-08-28 02:26:55,1,Computer,2,1,4,10,2,2
34,2020-08-28 02:27:09,2,bbb,2,2,4,4,1,1
new
35,2020-08-28 09:16:13,0,33,1,1,1,3,1,1
36,2020-08-28 09:16:15,1,Human,1,2,4,3,2,2
new
37,2020-08-28 09:18:08,0,vvv,1,1,0,0,1,1
38,2020-08-28 09:18:13,1,Human,1,2,1,1,2,2
new
39,2020-08-28 09:32:30,0,unkown,0,0,0,0,2,2
40,2020-08-28 09:32:37,1,1,2,1,3,4,1,1
41,2020-08-28 09:32:38,2,unkown,0,0,1,1,2,2
42,2020-08-28 09:32:42,3,1,2,1,4,2,1,1
new
43,2020-08-28 11:51:13,0,ff,2,1,3,4,1,1
44,2020-08-28 11:51:15,1,Computer,2,2,0,3,2,2
45,2020-08-28 11:51:18,2,ff,2,1,5,4,1,1
46,2020-08-28 11:51:19,3,Computer,2,2,0,12,2,2
new
47,2020-08-28 11:52:38,0,1,2,1,1,0,1,1
48,2020-08-28 11:52:41,1,Computer,2,2,13,1,2,2
new
49,2020-08-28 11:53:34,0, r,2,1,5,4,1,1
50,2020-08-28 11:53:37,1,Computer,2,2,13,5,2,2
new
51,2020-08-28 12:26:09,0,ff,1,1,0,0,1,1
52,2020-08-28 12:26:18,1,Human,1,2,1,0,2,2
new
53,2020-08-28 12:39:53,0,f,2,1,7,6,1,1
54,2020-08-28 12:40:04,1,Computer,2,2,14,12,2,2
55,2020-08-28 12:40:26,2,f,2,1,8,8,1,1
56,2020-08-28 12:40:41,3,Computer,2,2,9,12,2,2
new
57,2020-08-28 12:42:44,0,rr,2,1,2,3,1,1
58,2020-08-28 12:42:48,1,Computer,2,2,5,2,2,2
